00010010
10110100
00000000
00001011
00000000
00000000
00000000
00000000
00000000
00000000
00000000
00000000
00000000
00000000
00000000
00000000
00010010
11010100
00000000
00010101
00000000
00000000
00000000
00000000
00000000
00000000
00000000
00000000
00000000
00000000
00000000
00000000
00010010
11110100
00000000
00100001
00000000
00000000
00000000
00000000
00000000
00000000
00000000
00000000
00000000
00000000
00000000
00000000
10101101
01100010
00000000
00000000
10101101
01000011
00000000
00000000
10101101
00100100
00000000
00000000
10101101
00000101
00000000
00000000
10101100
11100110
00000000
00000000
10001100
00100010
00000000
00000000
10001100
00100011
00000000
00000001
10001100
00100100
00000000
00000010
10001100
00100101
00000000
00000011
10001100
00100110
00000000
00000100
00001000
00000000
00000000
01100100
00000000
00000000
00000000
00000000
00000000
00000000
00000000
00000000
00000000
00000000
00000000
00000000
00000000
01000110
01010000
00000010
00000000
01101000
01011000
00000010
00000000
01000111
01100000
00000010
00000000
01101001
01101000
00000010
00000000
10000110
01110000
00000010
00000000
10101000
01111000
00000010
00000000
10000111
10000000
00000010
00000000
10101001
10001000
00000010
00000001
01001011
11010000
00100000
00000001
10001101
11011000
00100000
00000001
11001111
11100000
00100000
00000010
00010001
11101000
00100000
00001000
00000000
00000000
01100100
00000000
00000000
00000000
00000000
00000000
00000000
00000000
00000000
00000000
00000000
00000000
00000000
00000000
01000000
01100000
00010110
00100000
00100011
00000000
00000000
00000000
00000000
00000000
00000000
00000000
00000000
00000000
00000000
00100000
01100011
00000000
00000001
00000000
00000000
00000000
00000000
00000000
00000000
00000000
00000000
00010000
01100010
00000000
00010010
00000000
00000000
00000000
00000000
00000000
00000000
00000000
00000000
00000000
00000000
00000000
00000000
00000000
01000011
00100000
00011011
00000000
00000000
00000000
00000000
00000000
00000000
00000000
00000000
00010000
10000000
00000000
00001011
00000000
00000000
00000000
00000000
00000000
00000000
00000000
00000000
00000000
00000000
00000000
00000000
00010000
01101100
00000000
00000111
00000000
00000000
00000000
00000000
00000000
00000000
00000000
00000000
00000000
00000000
00000000
00000000
00001000
00000000
00000000
00101110
00000000
00000000
00000000
00000000
00000000
00000000
00000000
00000000
00000000
00000000
00000000
00000000
00000000
00000100
01010000
00101010
00001000
00000000
00000000
01100100
00000000
00000000
00000000
00000000
00000000
00000000
00000000
00000000
00000000
00000000
00000000
00000000