00010010
10010100
00000000
00001011
00000000
00000000
00000000
00000000
00000000
00000000
00000000
00000000
00000000
00000000
00000000
00000000
00010010
10110100
00000000
00110010
00000000
00000000
00000000
00000000
00000000
00000000
00000000
00000000
00000000
00000000
00000000
00000000
00010010
11010100
00000000
00110010
00000000
00000000
00000000
00000000
00000000
00000000
00000000
00000000
00000000
00000000
00000000
00000000
10101101
01100010
00000000
00000000
10101101
01000011
00000000
00000000
10101101
00100100
00000000
00000000
10101101
00000101
00000000
00000000
10101100
11100110
00000000
00000000
10001100
00100010
00000000
00000000
10001100
00100011
00000000
00000001
10001100
00100100
00000000
00000010
10001100
00100101
00000000
00000011
10001100
00100110
00000000
00000100